1	7.01	309.8	4851.796	1.021	-20.6	7.5	-300.00	-0.065	26	0	8.781388889	41876.36531
1	7.02	848.340	3027.539	2.723	-0.7	6.7	-300.00	-0.025	45	0	9.811944444	41876.40818
1	7.03	833.289	2768.374	3.882	-6.8	-2.3	-300.00	-0.015	3	0	10.02583333	41876.41707
1	7.04	817.029	2622.692	3.212	25.4	29.3	-300.00	-0.007	2	0	10.15611111	41876.42249
1	7.05	792.001	2475.493	2.767	7.3	-6.1	-300.00	0.000	2	0	10.30611111	41876.42873
1	7.06	779.989	2339.547	2.42	8.9	0.9	-300.00	0.009	2	0	10.46138889	41876.43519
1	7.07	774.200	2238.742	2.31	4.7	20.1	-30000	0.017	2	0	10.59		41876.44054
1	7.08	761.671	2041.245	1.861	-15.7	-14.8	-300.00	0.034	3	0	10.8925		41876.45313
1	7.09	739.173	1787.987	0.249	-14.7	17.3	-300.00	0.068	1	1	11.46527778	41876.47696
1	7.10	739.174	1795.179	0.052	-1.1	-10.9	-93.94	0.083	2	5	11.7125		41876.48724
1	7.11	704.305	1800.578	0.08	-2.1	0.1	-25.44	0.094	5	8	11.93027778	41876.4963
1	7.12	679.051	1803.461	0.074	25.9	0	-5.95	0.111	2	10	12.25361111	41876.50975
1	7.13	309.8	1799.851	0.03	-1.6	-9.7	-3.21	0.135	7	10	12.85722222	41876.53486
1	7.14	309.8	1796.805	0.016	7.8	9.9	-3.17	0.141	2	3	13.03305556	41876.54218
1	7.15	309.8	1763.181	0.01	5.4	-1.9	-3.04	0.155	2	7	13.97944444	41876.58154
1	7.16	309.8	1762.315	0.049	15.6	-1.7	-3.08	0.123	1	3	15.42333333	41876.64161
1	7.17	309.8	1760.376	0.118	-3.2	-13.1	-3.01	0.117	3	5	15.58166667	41876.6482
1	7.18	309.8	1763.074	0.011	-9	0.8	-2.94	0.109	1	4	15.76444444	41876.6558
1	7.19	309.8	1777.824	0.094	-6.2	9	-3.00	-0.054	3	4	18.81638889	41876.78276
