1	4.0100002	718	4875.699	1.917	-27.6	7.9	-300	-0.05	60	0	9.019166667	41873.3752
1	4.0100002	718	4860.164	2.408	-9.1	3.3	-300	-0.05	60	0	9.038055556	41873.37598
1	4.0100002	718	4842.437	2.501	-6.2	1.6	-300	-0.051	60	0	9.056111111	41873.37673
1	4.0100002	718	4822.615	2.755	8.5	0.3	-300	-0.052	60	0	9.074166667	41873.37749
1	4.0100002	718	4809.059	1.545	1	-0.2	-300	-0.052	11	0	9.0925		41873.37825
1	4.02		937.139	3840.756	4.945	6.7	-2	-300	-0.07	60	0	9.562777778	41873.39781
1	4.02		937.139	3804.002	4.863	-3	-8.1	-300	-0.07	60	0	9.581666667	41873.3986
1	4.02		937.139	3767.514	4.839	-2.9	-8.5	-300	-0.07	60	0	9.599722222	41873.39935
1	4.02		937.139	3731.558	4.775	-7.9	-13.3	-300	-0.071	60	0	9.617777778	41873.4001
1	4.02		937.139	3696.057	4.711	-11.7	-13.3	-300	-0.071	60	0	9.635833333	41873.40085
1	4.02		937.139	3661.004	4.647	-13.2	-16	-300	-0.072	60	0	9.653888889	41873.4016
1	4.02		937.139	3626.413	4.62	-19.3	-10.2	-300	-0.072	60	0	9.671944444	41873.40235
1	4.02		937.139	3592.268	4.529	-21.2	-12	-300	-0.073	60	0	9.69		41873.4031
1	4.02		937.139	3564.426	4.346	-24.9	-11.4	-300	-0.073	37	0	9.708333333	41873.40387
1	4.0300002	932.584	3197.066	3.782	-6.6	0.7	-300	-0.078	60	0	9.916111111	41873.41251
1	4.0300002	932.584	3168.951	3.73	-11.3	5.2	-300	-0.078	60	0	9.935		41873.4133
1	4.0300002	932.584	3141.298	3.686	-9.8	4.4	-300	-0.078	59	0	9.953333333	41873.41406
1	4.04		923.982	2903.098	3.018	2.7	-0.9	-300	-0.081	40	0	10.12194444	41873.42107
1	4.0500002	894.955	2708.511	2.812	23	-5.4	-300	-0.082	60	0	10.2725		41873.42734
1	4.0500002	894.955	2687.718	2.76	33.1	-6	-300	-0.082	60	0	10.29138889	41873.42812
1	4.0500002	894.955	2622.585	2.623	-4.2	7.8	-300	-0.083	60	0	10.34888889	41873.43051
1	4.0500002	894.955	2611.453	0.581	-3	8	-300	-0.083	3	0	10.36805556	41873.43131
1	4.0599999	894.951	2369.591	1.95	2.4	1.7	-300	-0.083	27	0	10.60888889	41873.44133
1	4.0700002	894.949	2120.278	1.619	2.7	5.8	-300	-0.079	60	0	10.92527778	41873.45449
1	4.0700002	894.949	2113.125	0.57	8.1	3.4	-300	-0.079	8	0	10.94444444	41873.45529
1	4.0799999	846.667	2013.643	1.391	11.4	-1.3	-300	-0.076	60	0	11.09388889	41873.46151
1	4.0799999	846.667	2006.474	1.017	11.8	-0.1	-300	-0.076	20	0	11.11305556	41873.4623
1	4.0900002	847.345	1783.087	0.896	-5.8	-6.1	-300	-0.062	60	0	11.5925		41873.48225
1	4.0900002	847.345	1778.779	0.411	-7.1	-7	-300	-0.062	13	0	11.61166667	41873.48305
1	4.0999999	847.341	1753.101	0.056	-3.3	5.7	-248.29	-0.055	57	32	11.78805556	41873.49038
1	4.1100001	835.523	1753.902	0.067	-9.5	9.6	-87.78	-0.048	56	17	11.94277778	41873.49682
1	4.1199999	835.529	1756.291	0.039	3.6	-2.4	-26.79	-0.04	49	33	12.14111111	41873.50507
1	4.1300001	839.983	1749.471	0.06	1.7	-1.9	-12.49	-0.032	37	13	12.28777778	41873.51117
1	4.1399999	826.253	1743.536	0.03	6.9	1.4	-12.49	0.023	37	13	12.455		41873.51813
1	4.1500001	811.364	336.638	0	0	0	0	-12.49	0.008	37	13	12.72		41873.52
1	4.1599998	792.981	1773.169	0.059	2	6.7	-12.49	0.00	37	13	14.176666667	41873.58975
1	4.1700001	937.139	1735.835	0.069	3.6	5.3	-12.49	0.00	37	13	15.200277778	41873.63233
1	4.1799998	718	1736.007	0.034	4.9	-5.6	-12.49	0.00	37	13	15.404722222	41873.64084
1	4.1799998	718	1735.999	0.1	2.6	-5.3	-12.49	0.00	37	13	15.423888889	41873.64163
