3	3.0999999	309.8	1851.704	0.067	1.3	7.4	-3.03	-0.054	60	16	11.21	41872.46645	0
3	3.0999999	309.8	1851.705	0.03	3.2	8.3	-3.03	-0.053	60	11	11.23	41872.46724	0
3	3.0999999	309.8	1851.706	0.077	4	7.9	-3.03	-0.053	11	5	11.25	41872.468	0
3	3.2		309.8	1857.015	0.068	37.3	14.9	-2.88	-0.03	60	22	11.79	41872.49041	0
3	3.2		309.8	1857.026	0.039	57	15	-2.89	-0.029	60	17	11.81	41872.49119	0
3	3.2		309.8	1857.036	0.103	62.9	14.8	-2.9	-0.028	9	6	11.83	41872.49195	0
3	3.3		309.8	1853.764	0.016	-8.3	-2.8	-2.96	-0.017	60	35	12.03	41872.50026	0
3	3.3		309.8	1853.756	0.021	-8	-4	-2.95	-0.016	59	10	12.04	41872.50106	0
3	4		309.8	1853.343	0.029	-14.8	-0.8	-2.98	-0.009	60	11	12.19	41872.50709	0
3	4		309.8	1853.349	0.02	-20.1	-1.3	-2.99	-0.007	60	9	12.21	41872.50788	0
3	4		309.8	1853.358	0.02	-24.8	-1.5	-3	-0.007	33	4	12.23	41872.50864	0
3	3.5		309.8	1853.407	0.034	-3.9	3.6	-3.02	0.004	60	23	12.41	41872.51637	0
3	3.5		309.8	1853.371	0.775	-7.6	1.3	-3.02	0.005	18	5	12.43	41872.51717	0
3	3.5999999	309.8	1850.684	0.02	-10.1	6.3	-2.97	0.021	56	24	12.7	41872.52842	0
3	3.7		309.8	1852.174	0.01	9.2	-6.5	-3.01	0.029	60	9	12.83	41872.53375	0
3	3.7		309.8	1852.18		0.007	10.4	-6.8	-2.99	0.03	60	35	12.85	41872.53454	0
3	3.7		309.8	1852.188	0.143	12.8	-7.2	-2.99	0.031	14	5	12.87	41872.5353	0
3	3.8		309.8	1850.487	0.041	-12.2	10.3	-3.03	0.042	60	35	13.03	41872.54221	0
3	3.8		309.8	1850.475	0.022	-12.6	10.6	-3.02	0.043	37	5	13.05	41872.54301	0
3	3.9000001	309.8	1853.05		0.036	-4.7	1.1	-3.04	0.052	60	26	13.2	41872.54922	0
3	3.9000001	309.8	1853.047	0.081	-6	0.5	-3.04	0.053	30	1	13.22	41872.55002	0
3	3.0999999	309.8	1852.895	0.024	4.7	2.1	-3.08	0.062	60	20	13.37	41872.55616	0
3	3.0999999	309.8	1852.896	0.027	4.7	5.1	-3.07	0.063	60	29	13.39	41872.55694	0
3	3.0999999	309.8	1852.887	0.219	5.1	7.7	-3.07	0.064	30	8	13.41	41872.55771	0
3	3.1099999	309.8	1853.481	0.012	-6	-2.3	-3.04	0.085	60	20	13.76	41872.57223	0
3	3.1099999	309.8	1853.486	0.018	-3	-2.9	-3.03	0.086	56	42	13.77	41872.57303	0
3	3.1199999	309.8	1853.4		0.012	-28	1.6	-3.06	0.113	60	23	14.26	41872.59304	0
3	3.1199999	309.8	1853.417	0.026	-24.8	-0.1	-3	0.115	60	31	14.27	41872.59383	0
3	3.1199999	309.8	1853.425	0.041	-25.6	-0.9	-2.98	0.115	34	8	14.29	41872.59459	0
3	3.1300001	309.8	1850.1		0.02	2.9	-13.4	-2.96	0.123	60	11	14.45	41872.60122	0
3	3.1300001	309.8	1850.11		0.026	10.2	-15.7	-2.96	0.124	60	13	14.47	41872.60201	0
3	3.1300001	309.8	1850.135	0.016	13.5	-15.6	-2.96	0.125	30	7	14.49	41872.60277	0
3	3.1400001	309.8	1852.459	0.022	1.3	-6.5	-2.78	0.164	60	1	16.2	41872.67394	0
3	3.1400001	309.8	1852.467	0.042	3.9	-6.3	-2.76	0.164	45	3	16.22	41872.67474	0
