
 15  0  31224.53 49  000000.00 103846.8 
 30  0  31396.15 69  000000.00 103930.2 
 45  0  31311.10 59  000000.00 103949.7 
 60  0  31482.53 59  000000.00 104013.9 
 75  0  31333.41 59  000000.00 104030.7 
 90  0  31430.80 39  000000.00 104104.0 
 105  0  31456.32 59  000000.00 104118.2 
 120  0  31554.14 39  000000.00 104131.8 
 135  0  31309.10 59  000000.00 104146.2 
 150  0  31115.55 39  000000.00 104205.8 
 165  0  31317.03 39  000000.00 104221.6 
 180  0  31352.36 89  000000.00 104244.8 
 195  0  30926.82 09  000000.00 104248.8 
 210  0  31223.78 19  000000.00 104258.1 
 225  0  31303.59 39  000000.00 104323.1 
 240  0  31379.66 39  000000.00 104339.2 
 255  0  31330.38 59  000000.00 104356.9 
 270  0  31409.79 49  000000.00 104411.9 
 285  0  31240.73 69  000000.00 104429.0 
 300  0  31271.36 39  000000.00 104444.2 
 315  0  31310.88 59  000000.00 104448.1 
 330  0  31245.85 29  000000.00 104511.0 
 345  0  31302.95 49  000000.00 104528.6 
 360  0  31323.42 39  000000.00 104551.5 
 375  0  31281.63 49  000000.00 104557.1 
 390  0  31197.33 39  000000.00 104608.4 
 405  0  31262.41 59  000000.00 104630.2 
 420  0  31277.52 29  000000.00 104647.9 
 435  0  31193.22 39  000000.00 104708.1 
 450  0  31367.44 29  000000.00 104728.4 
 465  0  31168.20 59  000000.00 104748.1 
 480  0  31261.73 49  000000.00 104805.3 
 495  0  31115.07 29  000000.00 104809.0 
 510  0  31138.08 19  000000.00 104821.5 
 525  0  31236.35 59  000000.00 104838.1 
 540  0  31267.68 79  000000.00 104855.6 
 555  0  31447.57 27  000000.00 104920.3 
 570  0  31418.62 37  000000.00 104924.0 
 585  0  31380.83 79  000000.00 104946.9 
 600  0  31429.84 79  000000.00 105006.7 
 615  0  31453.57 49  000000.00 105010.9 
 630  0  31340.66 69  000000.00 105026.5 
 645  0  31316.48 29  000000.00 105050.5 
 660  0  31418.68 79  000000.00 105144.3 
 675  0  31448.48 79  000000.00 105208.7 
 690  0  31307.37 49  000000.00 105230.6 
 705  0  31399.87 69  000000.00 105246.6 
 720  0  31614.67 59  000000.00 105301.6 
 735  0  31483.99 59  000000.00 105316.9 
 750  0  31493.50 69  000000.00 105336.3 
 765  0  31449.50 99  000000.00 105353.2 
 780  0  31384.92 79  000000.00 105420.9 
 795  0  31293.77 79  000000.00 105439.9 
 810  0  31323.05 99  000000.00 105502.9 
 825  0  31335.66 99  000000.00 105522.4 
 840  0  31161.87 99  000000.00 105544.0 
 855  0  31206.45 99  000000.00 105605.9 
 870  0  31212.17 99  000000.00 105631.0 
 885  0  31277.57 99  000000.00 105650.9 
 900  0  30946.86 67  000000.00 105712.9 
 915  0  31291.77 79  000000.00 105755.4 
 930  0  31340.93 59  000000.00 105812.4 
 945  0  31396.68 79  000000.00 105830.2 
 960  0  31028.66 99  000000.00 105849.8 
 975  0  31530.02 69  000000.00 105942.7 
 990  0  31357.93 29  000000.00 110001.3 
 1005  0  31368.82 29  000000.00 110021.4 
 1020  0  31172.57 19  000000.00 110039.2 
 1035  0  00000.00 03  000000.00 110123.0 
 1050  0  31014.56 14  000000.00 110131.0 
 1065  0  31120.27 08  000000.00 110156.8 
 1080  0  00000.00 09  000000.00 110213.2 
 1095  0  00000.00 04  000000.00 110215.9 
 1110  0  31109.19 06  000000.00 110218.6 
 1125  0  31060.32 07  000000.00 110237.6 
 1140  0  00000.00 05  000000.00 110257.9 
 1155  0  00000.00 06  000000.00 110300.9 
 1170  0  31059.12 07  000000.00 110304.1 
 1185  0  31097.27 19  000000.00 110325.0 
 1200  0  31334.62 29  000000.00 110347.9 
 1215  0  31568.24 19  000000.00 110407.5 
 1230  0  31526.73 26  000000.00 110433.6 
 1245  0  00000.00 06  000000.00 110504.8 
 1260  0  00000.00 01  000000.00 110507.7 
 1275  0  00000.00 01  000000.00 110510.5 
 1290  0  00000.00 02  000000.00 110513.5 
 1305  0  00000.00 03  000000.00 110516.6 
 1320  0  31585.08 39  000000.00 110523.9 
 1335  0  31582.08 39  000000.00 110527.2 
 1350  0  00000.00 02  000000.00 110549.4 
 1365  0  00000.00 04  000000.00 110556.0 
 1380  0  31612.42 06  000000.00 110558.9 
 1395  0  31669.55 15  000000.00 110601.8 
 1410  0  00000.00 04  000000.00 110622.7 
 1425  0  00000.00 05  000000.00 110625.7 
 1440  0  00000.00 04  000000.00 110628.6 
 1455  0  00000.00 05  000000.00 110631.4 
 1470  0  00000.00 06  000000.00 110634.7 
 1485  0  00000.00 08  000000.00 110640.4 
 1500  0  00000.00 05  000000.00 110646.7 
 1515  0  00000.00 01  000000.00 110651.8 
 1530  0  00000.00 08  000000.00 110736.8 
 1530  0  00000.00 01  000000.00 110740.5 
 1545  0  31376.83 99  000000.00 110851.7 
 1560  0  31365.91 99  000000.00 110923.7 
 1575  0  31350.71 99  000000.00 110948.5 
 1590  0  31406.25 99  000000.00 111020.4 
 1605  0  31313.47 99  000000.00 111042.9 
 1620  0  31253.57 79  000000.00 111111.3 
 1635  0  31252.43 99  000000.00 111138.4 
 1650  0  31330.86 99  000000.00 111155.4 
 1665  0  31340.89 99  000000.00 111216.3 
 1680  0  31247.58 99  000000.00 111240.0 
 1695  0  31271.42 88  000000.00 111254.3 
 1710  0  31295.43 99  000000.00 111315.3 
 1725  0  31405.80 99  000000.00 111334.7 
 1740  0  31347.05 99  000000.00 111351.3 
 0  0  31364.14 99  000000.00 132159.8 
 10  0  31367.85 79  000000.00 132227.9 
 20  0  31358.89 99  000000.00 132254.1 
 30  0  31364.90 99  000000.00 132321.7 
 40  0  31335.33 99  000000.00 132344.6 
 50  0  31335.70 99  000000.00 132409.3 
 60  0  31357.86 99  000000.00 132445.9 
 60  10  31360.61 99  000000.00 132531.3 
 50  10  31378.74 99  000000.00 132557.9 
 40  10  31361.66 99  000000.00 132620.6 
 30  10  31349.71 99  000000.00 132643.6 
 20  10  31317.21 99  000000.00 132704.7 
 10  10  31339.48 99  000000.00 132725.8 
 0  10  31354.23 99  000000.00 132748.9 
-10  10  31354.35 99  000000.00 132814.6 
-20  10  31391.42 99  000000.00 132935.5 
 10  15  31378.55 99  000000.00 133120.6 
 20  15  31364.88 99  000000.00 133203.9 
 30  15  31384.08 99  000000.00 133228.9 
 40  15  31334.64 99  000000.00 133256.9 
 50  15  31322.76 99  000000.00 133318.2 
 60  15  31260.06 99  000000.00 133336.5 
 70  15  31331.42 99  000000.00 133357.7 
 80  15  31341.75 99  000000.00 133425.6 
 90  15  31373.62 79  000000.00 133513.5 
 90  25  31357.86 99  000000.00 133550.4 
 80  25  31334.28 99  000000.00 133609.5 
 70  25  31327.37 99  000000.00 133629.9 
 60  25  31307.83 99  000000.00 133648.1 
 50  25  31279.95 99  000000.00 133712.6 
 40  25  31403.69 99  000000.00 133733.5 
 30  25  31321.94 99  000000.00 133756.4 
 20  25  31364.89 99  000000.00 133816.9 
 10  25  31354.79 99  000000.00 133837.4 
 0  25  31376.89 99  000000.00 133855.5 
-10  25  31390.12 99  000000.00 133913.4 
 0  15  31407.47 99  000000.00 134121.8 
 10  15  31397.70 99  000000.00 134156.6 
 20  15  31357.51 99  000000.00 134224.6 
 30  15  31426.25 99  000000.00 134250.1 
 40  15  31335.38 99  000000.00 134315.3 
 50  15  31362.04 99  000000.00 134342.1 
 60  15  31327.66 99  000000.00 134404.6 
 70  15  31351.54 99  000000.00 134426.9 
 70  15  31388.13 99  000000.00 134528.9 
 60  15  31328.72 99  000000.00 134603.9 
 50  15  31368.67 99  000000.00 134631.1 
 40  15  31355.13 59  000000.00 134658.9 
 30  15  31386.85 99  000000.00 134724.2 
 20  15  31387.11 99  000000.00 134743.8 
 10  15  31396.38 99  000000.00 134804.3 
 0  15  31402.73 99  000000.00 134823.1 
-10  15  31397.30 99  000000.00 134846.5 
 0  20  31404.68 29  000000.00 134941.1 
 10  20  31400.69 99  000000.00 134959.0 
 20  20  31394.51 99  000000.00 135020.6 
 30  20  31413.64 99  000000.00 135038.8 
 40  20  31390.68 99  000000.00 135056.1 
 50  20  31374.15 99  000000.00 135114.4 
 60  20  31385.87 99  000000.00 135143.4 
 70  20  31364.38 39  000000.00 135202.1 
 80  20  31389.49 99  000000.00 135220.2 
 90  20  31351.66 99  000000.00 135238.3 
 100  20  31330.19 99  000000.00 135253.9 
 110  20  31279.39 99  000000.00 135313.6 
 120  20  31347.54 99  000000.00 135333.3 
 120  20  31326.98 99  000000.00 135429.5 
 110  20  31188.60 99  000000.00 135501.3 
 100  20  31290.89 99  000000.00 135519.8 
 90  20  31284.60 99  000000.00 135540.9 
 80  20  31363.51 99  000000.00 135601.6 
 70  20  31363.68 99  000000.00 135606.7 
 60  20  31391.85 99  000000.00 135626.4 
 50  20  31388.26 99  000000.00 135645.2 
 40  20  31428.15 99  000000.00 135708.5 
 30  20  31401.93 99  000000.00 135728.5 
 20  20  31285.65 99  000000.00 135749.9 
 10  20  31356.05 99  000000.00 135820.3 
 0  25  31494.43 99  000000.00 140141.3 
 10  25  31426.98 49  000000.00 140217.7 
 20  25  31339.84 99  000000.00 140234.4 
 30  25  31342.82 99  000000.00 140252.3 
 40  25  31424.23 99  000000.00 140310.2 
 50  25  31388.75 99  000000.00 140329.8 
 60  25  31356.09 99  000000.00 140347.2 
 70  25  31380.33 99  000000.00 140405.5 
 80  25  31371.41 59  000000.00 140424.0 
 90  25  31380.37 99  000000.00 140441.5 
 100  25  31322.74 99  000000.00 140502.4 
 110  25  31272.88 99  000000.00 140522.6 
 120  25  31399.84 99  000000.00 140541.9 
 130  25  31312.05 99  000000.00 140600.6 
 140  25  31383.39 99  000000.00 140623.5 
 140  25  31399.36 99  000000.00 140721.7 
 130  25  31294.80 77  000000.00 140740.4 
 120  25  31345.62 98  000000.00 140801.8 
 110  25  31411.28 99  000000.00 140818.7 
 100  25  31363.23 99  000000.00 140837.2 
 90  25  31375.06 99  000000.00 140854.3 
 80  25  31415.57 99  000000.00 140913.9 
 70  25  31371.58 99  000000.00 140934.0 
 60  25  31426.35 99  000000.00 140953.9 
 50  25  31366.77 99  000000.00 141014.3 
 0  30  31407.05 29  000000.00 141255.6 
 10  30  31396.09 99  000000.00 141313.1 
 20  30  31393.35 99  000000.00 141325.9 
 30  30  31349.65 99  000000.00 141339.7 
 40  30  31391.63 99  000000.00 141354.9 
 50  30  31407.97 99  000000.00 141409.7 
 60  30  31316.89 99  000000.00 141425.5 
 70  30  31298.46 99  000000.00 141439.5 
 80  30  31414.87 99  000000.00 141452.8 
 90  30  31308.38 99  000000.00 141505.1 
 90  35  31365.84 99  000000.00 141648.6 
 80  35  31345.64 99  000000.00 141709.2 
 70  35  31333.78 99  000000.00 141726.2 
 60  35  31373.47 99  000000.00 141755.3 
 50  35  31341.08 99  000000.00 141813.9 
 40  35  31373.49 99  000000.00 141829.3 
 30  35  31376.64 99  000000.00 141845.2 
 30  40  31386.51 99  000000.00 141943.7 
 40  40  31345.12 99  000000.00 142002.8 
 50  40  31344.24 99  000000.00 142018.6 
 60  40  31327.67 99  000000.00 142034.3 
 70  40  31341.12 99  000000.00 142047.9 
 80  40  31353.64 39  000000.00 142103.1 
 90  40  31341.06 99  000000.00 142120.4 
 90  45  31397.61 99  000000.00 142211.8 
 80  45  31305.51 99  000000.00 142231.7 
 70  45  31339.78 99  000000.00 142247.1 
 60  45  31345.11 99  000000.00 142301.9 
 50  45  31370.82 99  000000.00 142317.4 
 40  45  31387.66 99  000000.00 142333.1 
 40  50  31359.16 99  000000.00 142409.9 
 50  50  31338.15 99  000000.00 142427.3 
 60  50  31348.53 99  000000.00 142442.9 
 70  50  31363.50 99  000000.00 142458.9 
 80  50  31351.15 69  000000.00 142515.7 
 90  50  31334.48 99  000000.00 142531.4 
 90  55  31347.55 99  000000.00 142613.3 
 80  55  31346.64 99  000000.00 142628.3 
 70  55  31353.38 99  000000.00 142644.9 
 60  55  00000.00 99  000000.00 142700.1 
 50  55  31356.97 99  000000.00 142705.6 
 40  55  31346.19 19  000000.00 142728.8 
 40  60  31339.29 99  000000.00 142809.4 
 50  60  31342.58 99  000000.00 142824.9 
 60  60  31347.09 99  000000.00 142841.0 
 70  60  31339.22 99  000000.00 142856.4 
 80  60  31373.66 99  000000.00 142917.0 
 80  65  31402.99 99  000000.00 143055.5 
 70  65  31376.41 99  000000.00 143115.3 
 60  65  31340.56 99  000000.00 143129.7 
0  0  31399.01 99  000000.00 095809.9 
 0  0  31397.06 99  000000.00 095953.2 
 2  0  31383.07 99  000000.00 100016.5 
 4  0  31373.99 99  000000.00 100033.1 
 6  0  31205.05 09  000000.00 100049.1 
 8  0  31365.96 99  000000.00 100104.6 
 10  0  31361.84 99  000000.00 100122.5 
 12  0  31358.72 99  000000.00 100141.8 
 14  0  31355.31 99  000000.00 100154.9 
 16  0  31342.50 99  000000.00 100210.8 
 18  0  31336.94 99  000000.00 100227.9 
 20  0  31333.62 99  000000.00 100243.4 
 22  0  31341.35 99  000000.00 100259.9 
 24  0  31350.20 99  000000.00 100322.5 
 26  0  31353.53 99  000000.00 100335.9 
 28  0  31345.97 99  000000.00 100351.8 
 30  0  31330.78 99  000000.00 100406.0 
 32  0  31326.07 99  000000.00 100420.8 
 34  0  31324.98 99  000000.00 100433.6 
 36  0  31321.08 99  000000.00 100447.3 
 38  0  31316.20 99  000000.00 100459.7 
 40  0  31312.59 99  000000.00 100510.9 
 42  0  31318.05 99  000000.00 100522.3 
 44  0  31323.75 99  000000.00 100536.9 
 46  0  31327.76 99  000000.00 100553.4 
 48  0  31334.80 99  000000.00 100606.6 
 50  0  31342.87 99  000000.00 100619.4 
 52  0  31346.84 99  000000.00 100632.4 
 54  0  31347.96 99  000000.00 100649.6 
 54  5  31335.15 99  000000.00 100757.3 
 52  5  31335.73 99  000000.00 100826.0 
 50  5  31335.17 99  000000.00 100842.6 
 48  5  31333.25 99  000000.00 100859.0 
 46  5  31332.76 99  000000.00 100911.4 
 44  5  31331.69 99  000000.00 100929.7 
 42  5  31336.26 99  000000.00 100948.4 
 40  5  31340.01 99  000000.00 101002.4 
 38  5  31344.57 99  000000.00 101016.3 
 36  5  31351.89 99  000000.00 101030.8 
 34  5  31353.49 99  000000.00 101042.7 
 32  5  31356.03 99  000000.00 101053.5 
 30  5  31355.27 99  000000.00 101105.0 
 28  5  31348.66 99  000000.00 101114.7 
 26  5  31349.85 99  000000.00 101123.4 
 24  5  31350.00 99  000000.00 101133.7 
 22  5  31346.65 99  000000.00 101143.2 
 20  5  31340.19 99  000000.00 101155.7 
 18  5  31332.61 99  000000.00 101205.8 
 16  5  31331.97 99  000000.00 101215.1 
 14  5  31334.15 99  000000.00 101226.6 
 12  5  31343.15 99  000000.00 101235.6 
 10  5  31360.77 99  000000.00 101244.8 
 8  5  31377.87 99  000000.00 101255.2 
 6  5  31399.22 99  000000.00 101305.4 
 4  5  31415.09 99  000000.00 101328.9 
 2  5  31419.26 99  000000.00 101344.9 
 0  10  31432.26 99  000000.00 101510.4 
 2  10  31417.79 99  000000.00 101522.2 
 4  10  31398.82 99  000000.00 101534.6 
 6  10  31386.98 99  000000.00 101548.9 
 8  10  31373.01 99  000000.00 101600.6 
 10  10  31359.22 99  000000.00 101612.2 
 12  10  31354.35 99  000000.00 101624.6 
 14  10  31359.31 99  000000.00 101635.2 
 16  10  31355.34 99  000000.00 101647.1 
 18  10  31356.20 99  000000.00 101658.6 
 20  10  31359.55 99  000000.00 101713.9 
 22  10  31364.79 99  000000.00 101724.1 
 24  10  31363.32 99  000000.00 101735.5 
 26  10  31363.74 99  000000.00 101747.6 
 28  10  31358.85 99  000000.00 101759.1 
 30  10  31345.86 99  000000.00 101810.2 
 32  10  31337.12 99  000000.00 101820.0 
 34  10  31336.55 99  000000.00 101830.9 
 36  10  31340.93 99  000000.00 101841.5 
 38  10  31341.70 99  000000.00 101855.4 
 40  10  31336.74 99  000000.00 101905.6 
 42  10  31335.72 99  000000.00 101916.6 
 44  10  31337.89 99  000000.00 101927.3 
 46  10  31333.41 99  000000.00 101937.3 
 48  10  31331.25 99  000000.00 101949.5 
 50  10  31326.80 99  000000.00 102000.4 
 52  10  31323.97 99  000000.00 102014.2 
 54  10  31320.51 99  000000.00 102029.0 
