25.00  25.00  00000.00  0000.00 00  
30.00  25.00  31226.78  0689.35 15  
0  0  00000.00  0000.00 00  
0  5  00000.00  0000.00 00  
0  10  31211.59  0271.75 27  
0  15  31216.83 -0184.10 19  
0  20  00000.00  0000.00 00  
0  25  31207.54  0644.55 28  
0  30  31205.77 -0131.55 48  
0  35  00000.00  0000.00 00  
0  35  31216.78  0155.25 99  
0  40  31226.16  0052.95 98  
0  45  31202.86  0126.10 15  
0  50  31208.51  0000.90 99  
5  55  31248.35 -0038.75 58  
5  50  31237.35  0036.40 57  
5  45  31234.56 -0029.35 48  
5  40  31227.13  0041.95 67  
5  35  31217.51 -0073.60 98  
5  30  31208.46 -0040.45 78  
5  25  31215.11  0047.85 98  
5  20  31218.62  0011.55 99  
10  0  31217.48 -0072.20 99  
10  5  31212.91 -0024.80 97  
10  10  31210.54  0046.15 99  
10  15  31214.46  0005.15 99  
10  20  31216.35 -0000.45 98  
10  25  31224.20  0057.10 99  
10  30  31242.48  0020.45 46  
10  35  31243.16  0056.05 58  
10  40  31179.04  0380.00 99  
10  45  31202.92 -0200.35 37  
0.00  0.00  31229.54 99  
5.00 -5.00  31231.06 75  
10.00  0.00  31228.90 55  
15.00  0.00  31232.61 98  
20.00  0.00  31233.42 74  
25.00  0.00  31236.40 43  
30.00  0.00  31233.82 96  
35.00  0.00  31231.33 95  
40.00  0.00  31222.41 99  
45.00  5.00  31195.32 99  
40.00  5.00  31217.62 99  
35.00  5.00  31227.25 99  
30.00  5.00  31223.47 99  
25.00  5.00  31223.68 99  
20.00  5.00  31224.61 99  
15.00  5.00  31225.35 99  
10.00  5.00  31221.03 99  
5.00  5.00  31222.05 99  
0.00  5.00  31215.37 99  
5.00  10.00  31221.84 99  
0.00  10.00  31222.58 99  
5.00  10.00  31218.69 99  
10.00  10.00  31217.44 99  
15.00  10.00  31216.15 99  
20.00  10.00  31221.56 99  
25.00  10.00  31226.36 99  
30.00  10.00  31227.99 99  
35.00  10.00  31231.48 54  
40.00  10.00  31229.41 75  
45.00  10.00  31222.66 33  
50.00  10.00  31211.32 99  
55.00  15.00  31212.53 99  
50.00  15.00  31241.37 99  
45.00  15.00  31241.58 99  
40.00  15.00  31242.37 99  
35.00  15.00  31229.08 99  
30.00  15.00  31226.15 99  
25.00  15.00  31224.77 99  
20.00  15.00  31222.65 99  
15.00  15.00  31217.64 99  
10.00  15.00  31216.21 99  
5.00  15.00  31215.98 99  
0.00  15.00  31223.45 44  
0.00  20.00  31221.74 96  
5.00  20.00  31217.03 99  
10.00  20.00  31219.63 99  
15.00  20.00  31233.52 99  
20.00  20.00  31242.93 99  
25.00  20.00  31236.41 99  
30.00  20.00  31227.28 99  
35.00  20.00  31222.99 99  
40.00  20.00  31215.60 99  
45.00  20.00  31215.67 99  
50.00  20.00  31211.31 99  
55.00  20.00  31210.72 99  
60.00  20.00  31214.40 99  
55.00  25.00  31227.54 99  
50.00  25.00  31230.23 54  
45.00  25.00  31216.21 34  
40.00  25.00  31220.39 95  
35.00  25.00  31221.60 94  
30.00  25.00  31227.19 86 
25.00  25.00  31230.96 33  
20.00  25.00  31233.12 33  
15.00  25.00  31230.58 99  
10.00  25.00  31220.20 85  
5.00  25.00  31213.29 54  
0.00  25.00  31218.93 65  
5.00  25.00  31222.63 99  
10.00  25.00  31223.04 99   
15.00  25.00  31222.81 99  
20.00  25.00  31223.03 99 