"Inicio del survey. Se empezaron las mediciones con el rover, la base no se encontraba en funcionamiento."	0	0	31320.52			
	0	0	31322.45			
	-5	0	31325.3			
	-5	0	31324			
	-5	0	31322.89			
	0	0	31323.47			
	-5	0	31324.39			
	0	0	31323.97			
	5	0	31323.28			
	10	0	31322.18			
	15	0	31320.15			
	20	0	31320.97			
	25	0	31319.93			
	30	0	31320.02			
	35	0	31318.72			
	40	0	31318.65			
	45	0	31317.07			
	50	0	31316.67			
	55	0	31315.7			
	55	0	31316.26			
	60	0	31315.1			
	65	0	31315.15			
	70	0	31313.65			
	75	0	31312.59			
	80	0	31312.92			
	85	0	31312.49			
	90	0	31311.69			
	95	0	31309.21			
	100	0	31307.14			
	105	0	31303.72			
EOL. A partir de este punto la base empez¢ a medir. 	110	0	31306.16			
	110	5	31305.42			
	105	5	31300.02			
	100	5	31300.91			
	95	5	31299.15			
	90	5	31299.91			
	85	5	31295.89			
	80	5	31302.57			
	75	5	31303.48			
	70	5	31302.14			
	65	5	31303.46			
	60	5	31306.74			
	55	5	31308.83			
	50	5	31304.69			
	45	5	31303.04			
	40	5	31306.36			
	35	5	31304.4			
	30	5	31303.07			
	25	5	31302.69			
	20	5	31304.27			
	15	5	31305.91			
	10	5	31309.02			
	5	5	31314.01			
EOL	0	5	31313.89			
	0	10	31319.79			
	5	10	31306.94			
	10	10	31317.28			
	15	10	31316.41			
	20	10	31316.37			
	25	10	31311.57			
	30	10	31314.43			
	35	10	31313.99			
	40	10	31311.93			
	45	10	31307.37			
	50	10	31308.98			
	55	10	31309.52			
	60	10	31307.33			
	65	10	31298.03			
	70	10	31299.54			
	75	10	31302.86			
	80	10	31303.99			
	85	10	31310.2			
	90	10	31313.43			
EOL	95	10	31310.4			
	100	10	31302.15			
	100	15	31300.07			
	95	15	31298.23			
	90	15	31293.21			
	85	15	31299.53			
	80	15	31300.75			
	75	15	31297.51			
	70	15	31302.3			
	65	15	31298.22			
	60	15	31300.26			
	55	15	31298.85			
	50	15	31244.2			
	45	15	31298.4			
	40	15	31303.93			
	35	15	31298.78			
	30	15	31299.52			
	25	15	31299.19			
	20	15	31302.77			
	15	15	31303.85			
	10	15	31308.54			
	5	15	31305.33			
EOL	0	15	31307.37			
	0	20	31307.75			
	5	20	31313.13			
	10	20	31315.5			
	15	20	31311.17			
	20	20	31313.15			
	25	20	31307.08			
	30	20	31308.14			
	35	20	31303.73			
	40	20	31310.88			
	45	20	31305.69			
	50	20	31305.47			
	55	20	31305.29			
	60	20	31305.31			
	65	20	31299.35			
	70	20	31306.91			
	75	20	31305.65			
	80	20	31296.82			
	85	20	31305.27			
	90	20	31306.3			
	95	20	31304.8			
"EOL. Nos devolvimos 20 m hacia el sur para iniciar esta transecta, ya que hab¡a mucha vegetaci¢n en el punto del ""end of line"" y no podiamos pasar pararealizar mediciones.  "	100	20	31305.28			
	100	25	31302.92			
	95	25	31308.12			
	90	25	31306.6			
	85	25	31304.51			
	80	25	31307.28			
	75	25	31303.03			
	70	25	31307.03			
	65	25	31303.81			
	60	25	31302.66			
	55	25	31301.29			
	50	25	31305.12			
	45	25	31307.76			
	40	25	31313.19			
	35	25	31309.87			
	30	25	31310.5			
	25	25	31312.88			
	20	25	31309.09			
	20	30	31236.98			
	-5	0	31306.17			
	0	0	31258.88			
	5	0	31264.44			
	10	0	31267.82			
	15	0	31267.49			
	20	0	31273.03			
	25	0	31277.22			
	30	0	31281.47			
	35	0	31289.57			
	40	0	31285.8			
	45	0	31280.82			
	50	0	31278.57			
	55	0	31276.94			
	60	0	31275.39			
	65	0	31277.9			
	70	0	31290.27			
	75	0	31286.25			
	80	0	31282.65			
	85	0	31282.78			
	90	0	31286.07			
	95	0	31285.99			
	100	0	31281.64			
	105	0	31280.54			
	110	0	31290.33			
	115	0	31287.48			
	120	0	31289.71			
	125	0	31291.39			
	130	0	31291.02			
	135	0	31295.92			
	140	0	31299.6			
	145	0	31287.95			
	150	0	31288.77			
	150	5	31288.37			
	145	5	31289.33			
	140	5	31294.84			
	135	5	31295.58			
	130	5	31293.23			
	125	5	31293.75			
	120	5	31292.41			
	115	5	31287.43			
	110	5	31282.74			
	105	5	31286.27			
	100	5	31285.75			
	95	5	31285.25			
	90	5	31286.65			
	85	5	31291.12			
	80	5	31287.61			
	75	5	31288.6			
	70	5	31288			
	65	5	31281			
	60	5	31280.62			
	55	5	31255.03			
	50	5	31284.73			
	45	5	31291.09			
	40	5	31292.65			
	35	5	31261.67			
	30	5	31290.35			
	25	5	31279.62			
	20	5	31272.36			
	15	5	31268.88			
	10	5	31260.78			
	5	5	31257.47			
	0	5	31255.3			
	-5	5	31257.87			
	-10	5	31261.71			
	-15	5	31257.22			
	-20	5	31261.43			
	-25	5	31271.68			
	-30	5	31281.46			
	-35	5	31291.63			
	-40	5	31291.74			
	-45	5	31292.97			
	-50	5	31292.68			
	-55	5	31286.11			
	-60	5	31281.57			
	-65	5	31280.13			
	-70	5	31279.65			
	-75	5	31280.39			
	-80	5	31279.77			
	-85	5	31281.13			
	-90	5	31284.82			
	-95	5	31289.3			
	-100	5	31290.5			
	-105	5	31284.75			
	-110	5	31285.01			
	-115	5	31282.83			
	-120	5	31289.37			
	-125	5	31290.57			
	-130	5	31293.61			
	-135	5	31294.09			
	-140	5	31285.58			
	-145	5	31298.18			
	-150	5	31293.51			
	-150	10	31292.34			
	-150	15	31295.4			
	-155	15	31289.97			
	-160	15	31294.64			
	-165	15	31296.78			
	-170	15	31291.53			
	-175	15	31289.5			
	-180	15	31285.58			
	-185	15	31283.69			
	-190	15	31288.19			
	-195	15	31294.9			
	-200	15	31293.67			
	-205	15	31291.42			
	-210	15	31284.69			
	-215	15	31281.21			
	-220	15	31280.71			
	-225	15	31284.57			
	-230	15	31283.56			
	-235	15	31284.9			
	-240	15	31284.78			
	-245	15	31290.74			
	-250	15	31292.81			
	-255	15	31292.88			
	-260	15	31288.22			
	-265	15	31289.57			
	-270	15	31287.33			
	-275	15	31285.29			
	-280	15	31274.93			
	-285	15	31264.69			
	-290	15	31254.64			
	-295	15	31251.43			
	-300	15	31254.78			
	-305	15	31222.75			
	-305	20	31247.86			
		0	20			
		5	20			
		10	20			
		15	20			
		20	20			
		25	20			
		30	20			
		35	20			
		40	20			
		45	20			
		50	20			
		55	20			
		60	20			
		65	20			
		70	20			
		75	20			
		80	20			
		85	20			
		90	20			
		95	20			
		100	20			
		105	20			
		110	20			
		115	20			
		120	20			
		125	20			
		130	20			
		135	20			
		140	20			
		145	20			
		150	20			
		155	20			
		155	25			
		150	25			
		145	25			
		140	25			
		135	25			
		130	25			
		125	25			
		120	25			
		115	25			
		110	25			
		105	25			
		100	25			
		95	25			
		90	25			
		85	25			
		80	25			
		75	25			
		70	25			
		65	25			
		60	25			
		55	25			
		50	25			
		45	25			
		40	25			
		35	25			
		30	25			
		25	25			
		20	25			
		15	25			
		10	25			
		5	25			
		0	25			
		0	30			
		0	30			
	/	163909	#			
		0	0			
	/	163924	+			
	-5	0	31247.06			
	-10	0	31248.78			
	-15	0	31253.71			
	-20	0	31251.22			
	-25	0	31247.43			
	-30	0	31246.22			
	-35	0	31248.99			
	-40	0	31251.69			
	-45	0	31253.3			
	-50	0	31257.35			
	-55	0	31257.57			
	-60	0	31258.87			
	-65	0	31259.79			
	-70	0	31262.56			
	-75	0	31253.14			
	-80	0	31261.12			
	-85	0	31261.15			
	-90	0	31260.71			
	-95	0	31255.79			
	-100	0	31280.99			
	-105	0	31265.1			
	-110	0	31265.63			
	-115	0	31263.22			
	-120	0	31265.07			
	-125	0	31268.69			
	-130	0	31269.63			
	-135	0	31271.33			
	-140	0	31271.87			
	-145	0	31277.29			
	-150	0	31273.7			
	-155	0	31274.36			
	-160	0	31280.45			
	-165	0	31282.67			
	-170	0	31283.28			
	-175	0	31283.79			
	-180	0	31286.69			
	-185	0	31294.32			
	-190	0	31293.35			
	-195	0	31292.94			
	-200	0	31293.53			
	-200	5	31293.37			
	-195	5	31292.85			
	-190	5	31292.29			
	-185	5	31290.56			
	-180	5	31287.54			
	-175	5	31288.31			
	-170	5	31287.34			
	-165	5	31284.18			
	-160	5	31281.28			
	-155	5	31280			
	-150	5	31273.23			
	-145	5	31273.6			
	-140	5	31270.9			
	-135	5	31268.21			
	-130	5	31267.81			
	-125	5	31264.55			
	-120	5	31262.4			
	-115	5	31261.57			
	-110	5	31259.63			
	-105	5	31260.42			
	-100	5	31253.88			
	-95	5	31256.95			
	-90	5	31257.88			
	-85	5	31256.8			
	-80	5	31254.39			
	-75	5	31258.79			
	-70	5	31256.93			
	-65	5	31256.98			
	-60	5	31255.39			
	-55	5	31250.95			
	-50	5	31250.23			
	-45	5	31247.49			
	-40	5	31243.4			
	-35	5	31242.75			
	-30	5	31242.17			
	-25	5	31228.12			
	-20	5	31243.59			
	-15	5	31246.36			
	-10	5	31246.29			
		0	10			
	-5	10	31241.08			
	-10	10	31238.72			
	-15	10	31236.09			
	-20	10	31236.95			
	-25	10	31239.86			
	-30	10	31241.2			
	-35	10	31244.21			
	-40	10	31244.21			
	-45	10	31246.53			
	-50	10	31247.39			
	-55	10	31248.39			
	-60	10	31248.92			
	-65	10	31249.8			
	-70	10	31243.96			
	-75	10	31246.85			
	-80	10	31257.72			
	-85	10	31256.79			
	-90	10	31256.86			
	-95	10	31260.84			
	-100	10	31259.88			
	-105	10	31264.03			
	-110	10	31265.04			
	-115	10	31267.62			
	-120	10	31271.01			
	-125	10	31275.85			
	-130	10	31279.75			
	-135	10	31282.11			
	-140	10	31285.72			
	-145	10	31288.34			
	-150	10	31293.25			
	-155	10	31294.15			
	-160	10	31294.93			
	-165	10	31296.46			
	-170	10	31296.63			
	-175	10	31295.32			
	-180	10	31294.44			
	-185	10	31295.02			
	-190	10	31292.33			
	-195	10	31292.96			
	-200	10	31285.34			
	-200	15	31280.43			
